27.18
27.209
27.225
27.213
27.208
27.242
27.19
27.198
27.22
27.268
27.288
27.285
27.28
27.248
27.244
27.257
27.286
27.289
27.283
27.295
27.338
27.344
27.379
27.381
27.386
27.362
27.33
27.366
27.403
27.361
27.389
27.371
27.42
27.413
27.398
27.439
27.417
27.416
27.444
27.446
27.444
27.444
27.475
27.463
27.466
27.481
27.483
27.496
27.483
27.491
27.497
27.509
27.515
27.515
27.53
27.523
27.53
27.529
27.543
27.554
27.555
27.537
27.546
27.554
27.558
27.563
27.557
27.578
27.567
27.595
27.564
27.609
27.609
27.582
27.618
27.587
27.623
27.598
27.594
27.616
27.589
27.59
27.619
27.582
27.606
27.617
27.583
27.607
27.63
27.614
27.592
27.585
27.612
27.634
27.632
27.635
27.647
27.619
27.619
27.611
27.635
27.684
27.656
27.652
27.681
27.71
27.694
27.673
27.687
27.702
27.738
27.705
27.747
27.731
27.756
27.731
27.782
27.751
27.78
27.775
27.798
27.784
27.794
27.836
27.832
27.826
27.834
27.84
27.855
27.861
27.876
27.891
27.9
27.909
27.921
27.937
27.947
27.961
27.977
27.993
28.007
28.027
28.033
28.048
28.059
28.074
28.088
28.099
28.121
28.119
28.138
28.157
28.171
28.185
28.181
28.218
28.211
28.24
28.242
28.253
28.281
28.288
28.304
28.312
28.352
28.362
28.369
28.369
28.402
28.429
28.413
28.428
28.453
28.472
28.493
28.512
28.523
28.528
28.533
28.547
28.54
28.55
28.55
28.572
28.57
28.587
28.618
28.599
28.608
28.622
28.655
28.697
28.653
28.702
28.69
28.724
28.693
28.762
28.718
28.775
28.764
28.782
28.816
28.779
28.828
28.821
28.844
28.852
28.858
28.853
28.869
28.876
28.897
28.908
28.913
28.904
28.938
28.964
28.96
28.974
28.968
28.959
28.978
28.985
28.99
29.005
29.014
29.042
29.035
29.035
29.032
29.059
29.064
29.052
29.046
29.078
29.065
29.089
29.079
29.084
29.107
29.118
29.115
29.142
29.152
29.127
29.158
29.179
29.169
29.168
29.178
29.199
29.193
29.214
29.231
29.231
29.229
29.252
29.267
29.24
29.297
29.28
29.284
29.312
29.313
29.308
29.332
29.361
29.364
29.382
29.383
29.404
29.388
29.448
29.431
29.443
29.46
29.473
29.45
29.498
29.473
29.487
29.494
29.501
29.524
29.493
29.528
29.536
29.541
29.548
29.567
29.581
29.58
29.596
29.619
29.627
29.651
29.656
29.685
29.69
29.706
29.742
29.742
29.774
29.787
29.807
29.828
29.843
29.864
29.891
29.904
29.929
29.946
29.971
29.992
30.014
30.038
30.059
30.079
30.098
30.115
30.134
30.17
30.196
30.218
30.239
30.255
30.29
30.314
30.337
30.364
30.394
30.43
30.464
30.49
30.495
30.541
30.553
30.573
30.628
30.634
30.696
30.726
30.763
30.798
30.831
30.872
30.913
30.949
31.002
31.041
31.072
31.111
31.156
31.202
31.267
31.307
31.335
31.391
31.456
31.5
31.534
31.607
31.643
31.703
31.743
31.805
31.842
31.899
31.966
32.018
32.067
32.122
32.18
32.236
32.281
32.343
32.401
32.457
32.506
32.563
32.617
32.671
32.728
32.785
32.841
32.895
32.955
33.01
33.066
33.127
33.189
33.263
33.31
33.376
33.443
33.522
33.574
33.644
33.719
33.757
33.838
33.877
33.96
34.006
34.083
34.129
34.195
34.253
34.338
34.394
34.508
34.661
34.752
34.85
34.934
35.113
35.482
35.849
36.329
36.691
37.004
37.296
37.536
37.789
38.063
38.324
38.518
38.655
38.803
38.946
39.084
39.228
39.382
39.511
39.668
39.826
39.975
40.117
40.277
40.413
40.574
40.708
40.859
40.979
41.109
41.263
41.378
41.506
41.644
41.773
41.904
42.03
42.181
42.315
42.444
42.576
42.701
42.828
42.957
43.176
43.298
43.426
43.549
43.672
43.796
43.917
44.036
44.16
44.268
44.383
44.502
44.61
44.717
44.82
44.921
45.017
45.123
45.239
45.347
45.451
45.557
45.664
45.818
46.028
46.219
46.394
46.533
46.639
46.723
46.819
46.919
47.014
47.108
47.197
47.283
47.367
47.456
47.545
47.624
47.722
47.817
47.89
47.977
48.062
48.145
48.226
48.31
48.388
48.467
48.561
48.82
48.892
48.985
49.074
49.14
49.228
49.318
49.394
49.492
49.568
49.645
49.743
49.809
49.896
49.969
50.04
50.087
50.167
50.232
50.325
50.39
50.474
50.554
50.619
50.701
50.782
50.846
50.946
51.021
51.075
51.153
51.217
51.257
51.313
51.375
51.457
51.535
51.624
51.724
51.807
51.875
51.945
52.04
52.144
52.21
52.277
52.349
52.421
52.496
52.57
52.631
52.686
52.741
52.8
52.861
52.917
52.979
53.041
53.107
53.17
53.231
53.297
53.358
53.423
53.488
53.55
53.614
53.675
53.743
53.797
53.85
53.908
53.962
54.026
54.098
54.147
54.202
54.24
54.266
54.313
54.372
54.444
54.495
54.563
54.628
54.696
54.752
54.821
54.876
54.901
54.886
54.862
54.862
54.892
54.924
54.931
54.968
55.023
55.101
55.158
55.221
55.27
55.323
55.383
55.428
55.491
55.545
55.582
55.636
55.684
55.717
55.756
55.777
55.813
55.847
55.88
55.895
55.917
55.932
55.954
55.978
55.993
56.008
56.027
56.067
56.102
56.139
56.172
56.194
56.215
56.236
56.276
56.305
56.331
56.356
56.382
56.414
56.444
56.484
56.519
56.553
56.592
56.635
56.671
56.713
56.746
56.778
56.81
56.841
56.88
56.917
56.957
57.006
57.056
57.114
57.153
57.187
57.222
57.254
57.289
57.324
57.364
57.412
57.462
57.515
57.568
57.627
57.682
57.738
57.8
57.856
57.905
57.955
58.053
58.103
58.162
58.194
58.245
58.278
58.326
58.378
58.43
58.474
58.532
58.574
58.628
58.69
58.731
58.798
58.844
58.908
58.962
59.021
59.064
59.121
59.155
59.201
59.251
59.302
59.367
59.422
59.482
59.529
59.574
59.624
59.674
59.724
59.791
59.839
59.894
59.951
59.994
60.017
60.047
60.066
60.096
60.116
60.151
60.188
60.222
60.245
60.264
60.27
60.289
60.308
60.324
60.328
60.341
60.345
60.331
60.305
60.267
60.222
60.204
60.201
60.177
60.155
60.139
60.124
60.105
60.082
60.063
60.039
60.004
59.963
59.922
59.882
59.848
59.82
59.787
59.75
59.727
59.684
59.65
59.613
59.574
59.53
59.498
59.46
59.409
59.35
59.3
59.246
59.198
59.164
59.13
59.107
59.089
59.07
59.048
59.031
59.015
58.988
58.962
58.93
58.901
58.872
58.841
58.805
58.768
58.734
58.701
58.663
58.629
58.6
58.568
58.531
58.494
58.455
58.417
58.381
58.346
58.317
58.281
58.242
58.208
58.172
58.14
58.101
58.068
58.027
57.983
57.941
57.89
57.844
57.802
57.754
57.706
57.661
57.617
57.572
57.519
57.478
57.423
57.371
57.318
57.26
57.201
57.153
57.097
57.054
57.003
56.949
56.913
56.863
56.83
56.792
56.748
56.71
56.668
56.631
56.592
56.542
56.5
56.458
56.42
56.366
56.318
56.275
56.244
56.204
56.164
56.129
56.075
56.018
55.975
55.92
55.866
55.832
55.801
55.773
55.751
55.731
55.709
55.693
55.673
55.64
55.616
55.593
55.573
55.54
55.516
55.487
55.452
55.424
55.404
55.384
55.355
55.334
55.319
55.288
55.264
55.244
55.223
55.194
55.171
55.151
55.122
55.083
55.055
55.013
54.985
54.945
54.898
54.86
54.808
54.769
54.716
54.678
54.627
54.579
54.524
54.477
54.431
54.373
54.322
54.27
54.222
54.176
54.133
54.085
54.039
53.997
53.948
53.901
53.857
53.805
53.755
53.709
53.66
53.625
53.589
53.555
53.524
53.493
53.462
53.434
53.406
53.375
53.345
53.316
53.288
53.258
53.222
53.189
53.151
53.116
53.083
53.047
53.011
52.975
52.936
52.898
52.858
52.794
52.768
52.741
52.717
52.694
52.679
52.632
52.59
52.578
52.578
52.563
52.555
52.545
52.536
52.523
52.511
52.497
52.474
52.465
52.451
52.435
52.423
52.408
52.389
52.377
52.364
52.354
52.339
52.32
52.306
52.289
52.279
52.276
52.263
52.238
52.199
52.149
52.08
52.003
51.946
51.893
51.829
51.722
51.6
51.499
51.37
51.247
51.142
51.064
50.994
50.917
50.84
50.76
50.684
50.616
50.545
50.486
50.422
50.358
50.299
50.238
50.2
50.169
50.141
50.119
50.105
50.086
50.067
50.055
50.035
50.017
50.022
50.006
49.976
49.949
49.945
49.939
49.965
49.998
50.032
50.073
50.102
50.123
50.144
50.173
50.188
50.204
50.232
50.264
50.298
50.331
50.363
50.393
50.424
50.451
50.473
50.496
50.516
50.532
50.54
50.545
50.549
50.554
50.554
50.548
50.543
50.533
50.537
50.531
50.536
50.538
50.537
50.534
50.533
50.532
50.531
50.534
50.543
50.557
50.567
50.571
50.573
50.576
50.577
50.584
50.596
50.607
50.618
50.626
50.635
50.646
50.657
50.673
50.686
50.701
50.716
50.737
50.754
50.779
50.801
50.832
50.859
50.886
50.918
50.948
50.974
50.999
51.02
51.045
51.063
51.088
51.111
51.125
51.147
51.169
51.189
51.21
51.23
51.243
51.268
51.285
51.308
51.324
51.343
51.361
51.38
51.402
51.415
51.434
51.453
51.472
51.485
51.5
51.514
51.531
51.55
51.556
51.575
51.604
51.614
51.639
51.667
51.688
51.702
51.722
51.741
51.761
51.782
51.798
51.816
51.83
51.853
51.854
51.862
51.872
51.871
51.892
51.909
51.92
51.933
51.955
51.973
51.989
52.009
52.016
52.038
52.051
52.078
52.087
52.099
52.123
52.134
52.15
52.157
52.178
52.197
52.227
52.241
52.267
52.282
52.29
52.308
52.298
52.288
52.237
52.172
52.138
52.101
52.06
52.056
52.018
52.01
51.996
51.981
51.959
51.925
51.878
51.837
51.806
51.764
51.728
51.691
51.651
51.619
51.585
51.553
51.525
51.502
51.493
51.491
51.494
51.496
51.5
51.495
51.493
51.503
51.52
51.533
51.556
51.565
51.579
51.594
51.604
51.608
51.62
51.627
51.635
51.642
51.642
51.646
51.634
51.622
51.618
51.608
51.588
51.552
51.523
51.513
51.508
51.503
51.492
51.474
51.447
51.431
51.425
51.432
51.44
51.432
51.411
51.388
51.357
51.324
51.293
51.262
51.243
51.228
51.22
51.222
51.226
51.233
51.246
51.253
51.263
51.255
51.24
51.218
51.185
51.157
51.134
51.107
51.079
51.051
51.024
50.996
50.96
50.927
50.902
50.878
50.855
50.834
50.813
50.792
50.77
50.747
50.725
50.702
50.683
50.672
50.652
50.636
50.626
50.617
50.609
50.597
50.575
50.557
50.544
50.533
50.527
50.518
50.503
50.487
50.47
50.439
50.413
50.398
50.384
50.373
50.363
50.359
50.363
50.364
50.36
50.35
50.341
50.345
50.347
50.343
50.345
50.355
50.365
50.363
50.372
50.362
50.362
50.359
50.344
50.349
50.337
50.34
50.333
50.323
50.32
50.315
50.309
50.312
50.304
50.3
50.3
50.295
50.289
50.285
50.286
50.283
50.272
50.262
50.261
50.247
50.253
50.24
50.239
50.225
50.222
50.212
50.2
50.197
50.193
50.183
50.18
50.165
50.167
50.156
50.158
50.144
50.141
50.133
50.131
50.118
50.117
50.111
50.095
50.098
50.09
50.083
50.078
50.068
50.061
50.05
50.048
50.036
50.033
50.019
50.012
50.003
49.995
49.98
49.972
49.954
49.926
49.908
49.898
49.892
49.878
49.879
49.866
49.862
49.851
49.842
49.824
49.821
49.817
49.803
49.791
49.778
49.771
49.765
49.765
49.758
49.753
49.741
49.726
49.719
49.711
49.703
49.696
49.689
49.675
49.67
49.659
49.653
49.644
49.634
49.618
49.612
49.614
49.611
49.606
49.596
49.583
49.585
49.577
49.574
49.563
49.553
49.543
49.527
49.526
49.516
49.507
49.497
49.487
49.472
49.459
49.449
49.435
49.421
49.405
49.383
49.356
49.325
49.297
49.26
49.22
49.169
49.121
49.072
49.034
48.995
48.958
48.931
48.905
48.87
48.819
48.781
48.761
48.754
48.767
48.766
48.776
48.782
48.787
48.79
48.792
48.787
48.781
48.772
48.759
48.746
48.728
48.706
48.688
48.666
48.644
48.624
48.599
48.579
48.559
48.54
48.523
48.51
48.5
48.485
48.47
48.456
48.435
48.421
48.396
48.387
48.366
48.352
48.346
48.323
48.312
48.304
48.293
48.275
48.261
48.249
48.25
48.236
48.215
48.207
48.199
48.19
48.175
48.176
48.176
48.183
48.179
48.178
48.182
48.177
48.181
48.185
48.189
48.196
48.2
48.207
48.217
48.22
48.23
48.235
48.239
48.243
48.241
48.251
48.255
48.255
48.258
48.26
48.257
48.265
48.269
48.27
48.284
48.285
48.288
48.289
48.288
48.29
48.287
48.293
48.3
48.287
48.287
48.294
48.287
48.286
48.294
48.285
48.284
48.289
48.281
48.271
48.271
48.269
48.263
48.261
48.252
48.25
48.247
48.241
48.242
48.233
48.23
48.218
48.207
48.199
48.185
48.175
48.155
48.153
48.136
48.135
48.129
48.124
48.121
48.119
48.115
48.107
48.103
48.103
48.099
48.098
48.099
48.096
48.093
48.089
48.084
48.09
48.081
48.081
48.085
48.081
48.081
48.088
48.091
48.091
48.094
48.101
48.099
48.106
48.108
48.112
48.121
48.116
48.116
48.118
48.122
48.118
48.123
48.117
48.118
48.12
48.122
48.125
48.125
48.13
48.13
48.138
48.142
48.152
48.156
48.161
48.168
48.176
48.181
48.189
48.198
48.207
48.213
48.22
48.231
48.239
48.247
48.252
48.259
48.265
48.273
48.281
48.29
48.294
48.299
48.302
48.305
48.306
48.306
48.307
48.313
48.319
48.324
48.326
48.328
48.329
48.332
48.333
48.334
48.335
48.335
48.334
48.334
48.333
48.332
48.333
48.334
48.336
48.336
48.336
48.34
48.342
48.337
48.34
48.339
48.335
48.338
48.333
48.337
48.335
48.328
48.326
48.329
48.321
48.325
48.323
48.321
48.324
48.314
48.317
48.311
48.313
48.306
48.306
48.301
48.299
48.291
48.288
48.281
48.283
48.28
48.272
48.265
48.265
48.262
48.263
48.261
48.26
48.253
48.246
48.246
48.242
48.241
48.236
48.24
48.24
48.24
48.235
48.24
48.247
48.246
48.245
48.246
48.25
48.25
48.247
48.248
48.247
48.243
48.243
48.239
48.24
48.231
48.228
48.232
48.234
48.23
48.234
48.241
48.241
48.242
48.238
48.24
48.247
48.245
48.245
48.255
48.259
48.261
48.258
48.261
48.265
48.262
48.259
48.253
48.253
48.252
48.249
48.239
48.237
48.234
48.227
48.217
48.205
48.193
48.189
48.172
48.171
48.164
48.167
48.163
48.168
48.162
48.167
48.166
48.159
48.156
48.147
48.137
48.124
48.113
48.098
48.091
48.084
48.074
48.073
48.071
48.068
48.073
48.071
48.077
48.075
48.073
48.072
48.067
48.055
48.047
48.035
48.016
48.002
47.978
47.962
47.938
47.921
47.899
47.888
47.867
47.857
47.844
47.828
47.822
47.811
47.794
47.786
47.77
47.755
47.745
47.73
47.715
47.704
47.689
47.677
47.658
47.645
47.627
47.611
47.592
47.576
47.56
47.544
47.528
47.515
47.501
47.489
47.473
47.454
47.432
47.412
47.388
47.364
47.342
47.319
47.296
47.263
47.222
47.177
47.131
47.096
47.063
47.028
46.995
46.967
46.942
46.921
46.902
46.886
46.87
46.85
46.836
46.815
46.801
46.785
46.771
46.755
46.744
46.733
46.716
46.699
46.681
46.66
46.64
46.62
46.601
46.582
46.559
46.538
46.519
46.501
46.481
46.463
46.443
46.418
46.396
46.37
46.341
46.313
46.283
46.258
46.232
46.209
46.188
46.161
46.139
46.115
46.091
46.066
46.038
46.009
45.982
45.958
45.927
45.9
45.874
45.847
45.818
45.785
45.744
45.707
45.673
45.636
45.604
45.564
45.526
45.483
45.442
45.403
45.364
45.328
45.291
45.259
45.228
45.201
45.18
45.155
45.135
45.118
45.098
45.079
45.056
45.038
45.021
45.001
44.984
44.965
44.946
44.929
44.914
44.891
44.874
44.857
44.836
44.819
44.794
44.775
44.755
44.729
44.71
44.681
44.655
44.625
44.597
44.569
44.539
44.507
44.473
44.444
44.419
44.388
44.359
44.341
44.321
44.298
44.276
44.253
44.231
44.22
44.21
44.204
44.194
44.19
44.181
44.167
44.152
44.13
44.117
44.102
44.08
44.068
44.044
44.025
44.003
43.982
43.952
43.934
43.913
43.885
43.869
43.852
43.834
43.82
43.811
43.793
43.779
43.763
43.752
43.739
43.727
43.711
43.696
43.687
43.676
43.666
43.661
43.646
43.633
43.63
43.612
43.601
43.589
43.57
43.561
43.546
43.537
43.521
43.508
43.495
43.477
43.469
43.45
43.434
43.421
43.401
43.383
43.369
43.347
43.334
43.316
43.295
43.277
43.259
43.24
43.223
43.204
43.192
43.16
43.142
43.122
43.112
43.101
43.094
43.083
43.075
43.061
43.046
43.029
43.011
42.994
42.971
42.95
42.927
42.901
42.873
42.846
42.816
42.793
42.772
42.75
42.728
42.706
42.685
42.666
42.646
42.628
42.613
42.597
42.582
42.568
42.554
42.538
42.52
42.506
42.488
42.471
42.453
42.434
42.416
42.398
42.384
42.371
42.357
42.343
42.328
42.314
42.302
42.285
42.27
42.258
42.241
42.226
42.209
42.192
42.177
42.162
42.148
42.129
42.116
42.101
42.083
42.07
42.059
42.049
42.042
42.031
42.021
42.015
42.005
41.995
41.982
41.973
41.962
41.955
41.947
41.935
41.926
41.918
41.91
41.902
41.893
41.888
41.881
41.874
41.863
41.858
41.846
41.838
41.831
41.821
41.809
41.795
41.785
41.772
41.761
41.75
41.735
41.723
41.706
41.692
41.678
41.667
41.655
41.641
41.627
41.609
41.599
41.588
41.569
41.562
41.55
41.535
41.517
41.508
41.49
41.478
41.471
41.458
41.442
41.435
41.416
41.407
41.397
41.363
41.346
41.338
41.32
41.314
41.293
41.282
41.262
41.239
41.221
41.198
41.163
41.123
41.073
41.028
40.999
40.956
40.911
40.856
40.8
40.746
40.701
40.66
40.619
40.568
40.529
40.503
40.479
40.466
40.453
40.445
40.428
40.42
40.422
40.447
40.468
40.478
40.5
40.523
40.55
40.581
40.612
40.654
40.705
40.754
40.809
40.866
40.927
40.989
41.056
41.124
41.197
41.274
41.348
41.425
41.505
41.578
41.656
41.737
41.819
41.898
41.975
42.059
42.14
42.222
42.306
42.394
42.478
42.562
42.643
42.724
42.805
42.88
42.958
43.035
43.104
43.171
43.243
43.324
43.402
43.485
43.568
43.656
43.745
43.825
43.92
44.006
44.094
44.181
44.268
44.351
44.441
44.526
44.61
44.691
44.78
44.863
44.942
45.025
45.108
45.194
45.275
45.364
45.448
45.531
45.617
45.703
45.788
45.878
45.97
46.061
46.152
46.242
46.328
46.419
46.503
46.596
46.684
46.772
46.861
46.948
47.04
47.131
47.222
47.309
47.397
47.484
47.569
47.655
47.743
47.831
47.921
48.013
48.103
48.194
48.284
48.369
48.459
48.542
48.627
48.71
48.793
48.872
48.958
49.04
49.122
49.202
49.283
49.364
49.446
49.526
49.607
49.684
49.764
49.845
49.923
50
50.078
50.156
50.234
50.307
50.382
50.458
50.534
50.608
50.687
50.768
50.851
50.932
51.012
51.082
51.156
51.221
51.294
51.361
51.429
51.494
51.567
51.628
51.693
51.761
51.823
51.893
51.969
52.046
52.115
52.193
52.276
52.348
52.425
52.503
52.578
52.654
52.725
52.798
52.872
52.951
53.025
53.102
53.168
53.23
53.31
53.363
53.419
53.476
53.537
53.6
53.661
53.723
53.788
53.854
53.927
54.002
54.069
54.146
54.225
54.295
54.374
54.457
54.534
54.619
54.699
54.78
54.869
54.948
55.034
55.11
55.187
55.27
55.349
55.431
55.507
55.588
55.667
55.749
55.834
55.909
55.99
56.058
56.138
56.209
56.272
56.345
56.411
56.471
56.535
56.601
56.669
56.741
56.807
56.866
56.933
56.997
57.057
57.121
57.189
57.255
57.323
57.388
57.458
57.528
57.601
57.67
57.734
57.796
57.862
57.93
57.996
58.06
58.128
58.196
58.367
58.427
58.485
58.538
58.596
58.656
58.72
58.781
58.844
58.902
58.954
59.002
59.052
59.093
59.143
59.192
59.232
59.285
59.331
59.38
59.431
59.478
59.529
59.579
59.627
59.681
59.73
59.779
59.835
59.884
59.931
59.979
60.029
60.082
60.136
60.184
60.231
60.284
60.33
60.379
60.43
60.493
60.522
60.545
60.567
60.581
60.597
60.603
60.604
60.606
60.608
60.612
60.611
60.603
60.593
60.576
60.543
60.522
60.504
60.487
60.466
60.447
60.427
60.41
60.393
60.375
60.358
60.338
60.319
60.305
60.286
60.271
60.251
60.227
60.196
60.166
60.134
60.1
60.064
60.033
59.997
59.944
59.902
59.863
59.813
59.766
59.717
59.663
59.61
59.557
59.504
59.445
59.389
59.331
59.277
59.22
59.167
59.117
59.065
59.008
58.951
58.893
58.829
58.765
58.698
58.631
58.563
58.499
58.429
58.362
58.291
58.221
58.152
58.081
58.005
57.923
57.829
57.75
57.667
57.567
57.436
57.295
57.182
57.078
56.96
56.832
56.716
56.598
56.475
56.344
56.225
56.128
56.032
55.937
55.852
55.777
55.699
55.616
55.527
55.441
55.351
55.257
55.168
55.076
54.995
54.917
54.836
54.753
54.655
54.554
54.468
54.409
54.351
54.274
54.187
54.103
54.037
53.965
53.874
53.773
53.677
53.592
53.509
53.435
53.368
53.305
53.25
53.198
53.135
53.07
53.006
52.934
52.866
52.807
52.745
52.686
52.633
52.586
52.53
52.466
52.401
52.346
52.299
52.259
52.217
52.178
52.141
52.107
52.069
52.032
51.996
51.958
51.912
51.869
51.826
51.78
51.735
51.694
51.654
51.615
51.576
51.539
51.5
51.455
51.407
51.361
51.316
51.265
51.217
51.171
51.116
51.054
50.995
50.942
50.893
50.849
50.806
50.763
50.728
50.69
50.66
50.627
50.598
50.568
50.531
50.487
50.444
50.403
50.371
50.345
50.308
50.27
50.235
50.198
50.162
50.127
50.095
50.061
50.024
49.992
49.955
49.924
49.886
49.849
49.812
49.771
49.73
49.687
49.648
49.608
49.567
49.523
49.484
49.441
49.405
49.365
49.331
49.302
49.27
49.247
49.221
49.198
49.176
49.156
49.134
49.112
49.09
49.066
49.04
49.021
48.997
48.974
48.955
48.936
48.915
48.893
48.866
48.848
48.822
48.797
48.775
48.753
48.731
48.709
48.686
48.66
48.632
48.608
48.585
48.563
48.534
48.512
48.489
48.465
48.435
48.41
48.387
48.359
48.331
48.308
48.281
48.251
48.226
48.201
48.171
48.147
48.121
48.094
48.071
48.046
48.021
47.993
47.967
47.942
47.914
47.879
47.847
47.814
47.778
47.745
47.713
47.68
47.643
47.613
47.583
47.553
47.523
47.495
47.47
47.446
47.42
47.395
47.368
47.341
47.319
47.293
47.266
47.243
47.222
47.203
47.177
47.151
47.127
47.098
47.071
47.047
47.021
46.996
46.965
46.937
46.914
46.882
46.852
46.825
46.799
46.771
46.74
46.713
46.68
46.655
46.626
46.595
46.567
46.54
46.516
46.487
46.46
46.429
46.402
46.373
46.342
46.318
46.288
46.256
46.23
46.197
46.167
46.136
46.104
46.077
46.043
46.017
45.984
45.957
45.924
45.892
45.866
45.836
45.808
45.781
45.758
45.731
45.707
45.684
45.655
45.628
45.604
45.571
45.546
45.516
45.489
45.46
45.435
45.407
45.378
45.352
45.325
45.295
45.268
45.239
45.212
45.185
45.16
45.133
45.105
45.079
45.051
45.022
44.993
44.964
44.934
44.906
44.875
44.845
44.814
44.783
44.75
44.715
44.679
44.643
44.607
44.573
44.538
44.503
44.466
44.43
44.395
44.362
44.333
44.301
44.271
44.242
44.213
44.182
44.153
44.127
44.105
44.085
44.065
44.045
44.027
44.008
43.989
43.973
43.955
43.934
43.911
43.886
43.859
43.83
43.805
43.776
43.744
43.716
43.684
43.654
43.621
43.589
43.558
43.528
43.5
43.472
43.443
43.416
43.39
43.362
43.334
43.309
43.278
43.251
43.224
43.195
43.166
43.138
43.107
43.078
43.046
43.016
42.988
42.959
42.934
42.908
42.883
42.861
42.837
42.813
42.793
42.769
42.746
42.721
42.697
42.677
42.653
42.631
42.61
42.588
42.566
42.545
42.526
42.504
42.483
42.465
42.442
42.421
42.4
42.378
42.355
42.333
42.316
42.294
42.278
42.26
42.242
42.226
42.207
42.19
42.174
42.156
42.14
42.125
42.107
42.093
42.077
42.063
42.045
42.03
42.01
41.994
41.972
41.954
41.933
41.916
41.896
41.872
41.846
41.822
41.8
41.776
41.754
41.735
41.718
41.702
41.686
41.669
41.65
41.636
41.588
41.574
41.558
41.545
41.527
41.513
41.494
41.479
41.462
41.446
41.426
41.408
41.385
41.37
41.35
41.332
41.312
41.289
41.268
41.253
41.239
41.22
41.2
41.185
41.17
41.158
41.142
41.125
41.107
41.091
41.072
41.06
41.041
41.024
41.009
40.988
40.972
40.955
40.937
40.911
40.9
40.881
40.859
40.84
40.827
40.807
40.789
40.772
40.759
40.743
40.723
40.71
40.694
40.676
40.658
40.64
40.626
40.609
40.59
40.575
40.554
40.541
40.521
40.503
40.484
40.466
40.451
40.432
40.419
40.4
40.388
40.371
40.355
40.341
40.325
40.307
40.291
40.273
40.256
40.236
40.223
40.204
40.183
40.164
40.151
40.132
40.113
40.096
40.083
40.066
40.049
40.03
40.015
39.998
39.98
39.966
39.948
39.931
39.918
39.9
39.88
39.863
39.843
39.829
39.81
39.789
39.77
39.755
39.736
39.716
39.703
39.683
39.662
39.643
39.622
39.603
39.584
39.567
39.551
39.532
39.518
39.501
39.487
39.47
39.457
39.445
39.433
39.422
39.412
39.403
39.391
39.379
39.368
39.357
39.347
39.336
39.326
39.319
39.312
39.303
39.297
39.289
39.279
39.272
39.265
39.257
39.249
39.242
39.235
39.228
39.221
39.214
39.207
39.2
39.192
39.183
39.175
39.169
39.16
39.152
39.144
39.135
39.126
39.116
39.108
39.099
39.091
39.081
39.073
39.063
39.054
39.043
39.033
39.023
39.013
39.003
38.992
38.981
38.97
38.957
38.946
38.933
38.919
38.902
38.887
38.871
38.856
38.841
38.824
38.809
38.793
38.776
38.758
38.74
38.721
38.698
38.676
38.653
38.632
38.611
38.588
38.562
38.535
38.507
38.478
38.453
38.435
38.419
38.406
38.392
38.376
38.343
38.303
38.264
38.24
38.233
38.228
38.22
38.215
38.205
38.197
38.174
38.156
38.143
38.127
38.106
38.076
38.029
38.01
37.992
37.975
37.955
37.937
37.926
37.911
37.895
37.88
37.861
37.841
37.818
37.795
37.771
37.741
37.712
37.684
37.659
37.64
37.625
37.61
37.594
37.574
37.559
37.542
37.523
37.5
37.482
37.462
37.446
37.429
37.415
37.402
37.39
37.373
37.357
37.348
37.34
37.331
37.32
37.315
37.299
37.286
37.271
37.258
37.248
37.239
37.233
37.229
37.217
37.209
37.197
37.187
37.178
37.167
37.161
37.154
37.146
37.138
37.141
37.148
37.144
37.146
37.144
37.143
37.15
37.147
37.144
37.149
37.146
37.15
37.16
37.163
37.172
37.186
37.197
37.201
37.211
37.224
37.228
37.242
37.247
37.259
37.27
37.278
37.292
37.298
37.301
37.315
37.32
37.335
37.346
37.354
37.369
37.375
37.391
37.395
37.408
37.419
37.435
37.443
37.472
37.479
37.498
37.506
37.517
37.535
37.542
37.559
37.57
37.584
37.597
37.608
37.624
37.631
37.644
37.656
37.667
37.678
37.695
37.704
37.715
37.729
37.738
37.744
37.752
37.761
37.772
37.78
37.788
37.794
37.801
37.808
37.817
37.82
37.827
37.835
37.842
37.848
37.854
37.867
37.875
37.88
37.888
37.897
37.901
37.904
37.908
37.914
37.918
37.927
37.935
37.947
37.951
37.96
37.969
37.976
37.986
37.996
38.002
38.008
38.016
38.021
38.025
38.032
38.041
38.046
38.053
38.059
38.067
38.071
38.079
38.084
38.09
38.096
38.104
38.111
38.116
38.123
38.137
38.144
38.151
38.157
38.164
38.173
38.18
38.187
38.191
38.199
38.206
38.213
38.22
38.226
38.231
38.238
38.241
38.246
38.251
38.254
38.26
38.265
38.273
38.278
38.285
38.293
38.299
38.302
38.309
38.317
38.322
38.325
38.329
38.338
38.343
38.349
38.355
38.36
38.364
38.369
38.373
38.377
38.382
38.388
38.396
38.404
38.411
38.418
38.425
38.429
38.436
38.441
38.448
38.456
38.462
38.465
38.472
38.477
38.486
38.487
38.492
38.495
38.5
38.504
38.507
38.51
38.518
38.524
38.532
38.538
38.546
38.554
38.561
38.568
38.573
38.58
38.585
38.594
38.598
38.606
38.609
38.615
38.623
38.629
38.635
38.642
38.649
38.656
38.661
38.667
38.673
38.675
38.678
38.684
38.687
38.687
38.692
38.694
38.697
38.701
38.705
38.71
38.713
38.719
38.721
38.726
38.731
38.737
38.741
38.746
38.748
38.753
38.755
38.759
38.763
38.768
38.772
38.773
38.777
38.778
38.781
38.782
38.787
38.793
38.794
38.8
38.804
38.807
38.816
38.817
38.823
38.833
38.838
38.843
38.849
38.856
38.861
38.866
38.87
38.874
38.876
38.881
38.885
38.889
38.892
38.889
38.891
38.891
38.893
38.891
38.891
38.892
38.895
38.897
38.894
38.898
38.898
38.901
38.901
38.906
38.908
38.909
38.916
38.916
38.922
38.928
38.929
38.932
38.933
38.932
38.938
38.941
38.94
38.942
38.947
38.95
38.953
38.952
38.954
38.958
38.963
38.966
38.971
38.975
38.977
38.981
38.986
38.987
38.989
38.989
38.991
38.994
38.997
38.998
39.002
39.005
39.007
39.014
39.012
39.017
39.02
39.019
39.021
39.023
39.027
39.031
39.038
39.04
39.047
39.05
39.053
39.057
39.058
39.057
39.057
39.061
39.064
39.066
39.072
39.078
39.087
39.092
39.097
39.103
39.11
39.11
39.113
39.115
39.116
39.119
39.117
39.115
39.116
39.115
39.113
39.115
39.111
39.108
39.11
39.105
39.105
39.103
39.101
39.099
39.09
39.088
39.083
39.079
39.075
39.07
39.065
39.062
39.059
39.056
39.053
39.054
39.051
39.053
39.053
39.052
39.051
39.056
39.056
39.057
39.063
39.065
39.068
39.071
39.075
39.081
39.085
39.09
39.092
39.1
39.102
39.11
39.117
39.12
39.128
39.138
39.143
39.15
39.159
39.169
39.176
39.182
39.192
39.197
39.208
39.212
39.22
39.227
39.234
39.237
39.243
39.246
39.25
39.256
39.257
39.263
39.265
39.268
39.272
39.277
39.28
39.287
39.293
39.298
39.304
39.311
39.316
39.321
39.327
39.333
39.34
39.344
39.352
39.357
39.361
39.367
39.371
39.376
39.381
39.385
39.388
39.392
39.395
39.397
39.4
39.405
39.408
39.411
39.416
39.424
39.426
39.429
39.435
39.439
39.445
39.45
39.456
39.462
39.468
39.471
39.481
39.486
39.493
39.496
39.501
39.51
39.514
39.518
39.522
39.528
39.532
39.535
39.537
39.54
39.544
39.547
39.553
39.556
39.558
39.56
39.561
39.565
39.56
39.555
39.55
39.546
39.545
39.543
39.541
39.534
39.535
39.539
39.537
39.54
39.547
39.547
39.552
39.554
39.561
39.559
39.568
39.568
39.577
39.579
39.58
39.586
39.59
39.59
39.598
39.599
39.607
39.607
39.615
39.614
39.621
39.621
39.624
39.629
39.628
39.637
39.639
39.642
39.65
39.656
39.662
39.676
39.679
39.691
39.696
39.707
39.716
39.721
39.725
39.735
39.736
39.741
39.747
39.752
39.756
39.759
39.76
39.767
39.764
39.766
39.768
39.771
39.777
39.782
39.785
39.787
39.79
39.797
39.797
39.801
39.806
39.805
39.807
39.808
39.807
39.813
39.813
39.814
39.815
39.82
39.817
39.821
39.824
39.831
39.834
39.838
39.84
39.846
39.848
39.854
39.858
39.863
39.865
39.869
39.875
39.877
39.881
39.886
39.892
39.896
39.901
39.906
39.91
39.914
39.918
39.923
39.925
39.928
39.93
39.932
39.939
39.94
39.94
39.942
39.94
39.939
39.936
39.94
39.938
39.94
39.938
39.937
39.933
39.938
39.938
39.935
39.938
39.939
39.943
39.941
39.94
39.943
39.946
39.944
39.947
39.946
39.946
39.949
39.949
39.951
39.951
39.955
39.957
39.956
39.957
39.96
39.958
39.963
39.965
39.961
39.962
39.969
39.967
39.972
39.971
39.975
39.976
39.979
39.978
39.98
39.984
39.986
39.989
39.99
39.996
39.996
39.997
40.002
40.002
40.004
40.002
40.007
40.008
40.01
40.01
40.01
40.013
40.012
40.01
40.007
40.005
40.003
40.001
40
39.997
39.995
39.993
39.992
39.991
39.99
39.989
39.986
39.987
39.985
39.982
39.977
39.974
39.97
39.965
39.959
39.955
39.952
39.949
39.944
39.939
39.936
39.93
39.926
39.919
39.914
39.909
39.905
39.9
39.896
39.892
39.885
39.877
39.869
39.856
39.85
39.842
39.841
39.832
39.809
39.781
39.763
39.75
39.721
39.676
39.65
39.618
39.598
39.587
39.573
39.537
39.505
39.464
39.432
39.417
39.409
39.398
39.391
39.377
39.369
39.361
39.36
39.353
39.341
39.327
39.315
39.314
39.315
39.307
39.3
39.29
39.28
39.266
39.261
39.256
39.254
39.253
39.244
39.233
39.225
39.216
39.21
39.199
39.195
39.188
39.184
39.183
39.178
39.168
39.161
39.156
39.146
39.139
39.132
39.121
39.11
39.099
39.087
39.075
39.063
39.05
39.036
39.025
39.009
38.99
38.976
38.954
38.941
38.925
38.916
38.907
38.903
38.892
38.878
38.866
38.857
38.852
38.844
38.834
38.827
38.819
38.815
38.809
38.804
38.8
38.792
38.788
38.781
38.771
38.763
38.757
38.751
38.751
38.752
38.753
38.74
38.731
38.716
38.695
38.678
38.669
38.658
38.647
38.631
38.622
38.606
38.592
38.586
38.57
38.564
38.553
38.537
38.522
38.507
38.496
38.476
38.457
38.44
38.428
38.413
38.405
38.396
38.388
38.381
38.378
38.374
38.368
38.361
38.355
38.349
38.339
38.328
38.312
38.297
38.286
38.268
38.256
38.236
38.221
38.203
38.188
38.176
38.162
38.144
38.122
38.101
38.085
38.065
38.045
38.034
38.024
38.011
37.997
37.992
37.98
37.968
37.955
37.941
37.932
37.924
37.92
37.913
37.912
37.904
37.902
37.899
37.892
37.891
37.89
37.886
37.882
37.882
37.876
37.878
37.873
37.87
37.871
37.867
37.866
37.861
37.859
37.857
37.856
37.85
37.845
37.841
37.842
37.838
37.835
37.832
37.829
37.826
37.824
37.82
37.817
37.811
37.805
37.797
37.79
37.786
37.776
37.764
37.757
37.752
37.744
37.739
37.732
37.717
37.71
37.704
37.695
37.689
37.682
37.676
37.67
37.665
37.66
37.652
37.642
37.637
37.629
37.622
37.614
37.605
37.596
37.589
37.582
37.572
37.563
37.555
37.546
37.538
37.531
37.525
37.517
37.511
37.503
37.494
37.487
37.484
37.478
37.469
37.464
37.457
37.452
37.438
37.433
37.424
37.418
37.414
37.409
37.404
37.398
37.393
37.389
37.383
37.381
37.374
37.367
37.362
37.353
37.345
37.339
37.335
37.329
37.323
37.319
37.317
37.311
37.311
37.305
37.302
37.298
37.293
37.289
37.285
37.279
37.275
37.272
37.268
37.26
37.252
37.247
37.237
37.23
37.226
37.219
37.21
37.205
37.198
37.195
37.189
37.182
37.177
37.174
37.169
37.162
37.153
37.151
37.144
37.137
37.13
37.12
37.114
37.109
37.102
37.097
37.092
37.086
37.08
37.073
37.068
37.063
37.057
37.05
37.045
37.041
37.035
37.026
37.022
37.013
37.004
36.996
36.987
36.984
36.972
36.963
36.956
36.948
36.941
36.938
36.934
36.926
36.921
36.917
36.91
36.9
36.894
36.886
36.878
36.875
36.865
36.859
36.851
36.844
36.838
36.831
36.823
36.818
36.805
36.803
36.795
36.792
36.781
36.778
36.77
36.761
36.757
36.747
36.744
36.737
36.725
36.72
36.715
36.709
36.703
36.699
36.695
36.687
36.675
36.674
36.67
36.661
36.652
36.649
36.641
36.628
36.624
36.62
36.613
36.606
36.599
36.591
36.584
36.578
36.575
36.566
36.556
36.545
36.543
36.539
36.536
36.533
36.529
36.531
36.521
36.517
36.512
36.503
36.496
36.491
36.482
36.481
36.474
36.471
36.464
36.463
36.456
36.456
36.451
36.443
36.436
36.426
36.421
36.42
36.407
36.403
36.4
36.392
36.39
36.382
36.382
36.37
36.369
36.369
36.359
36.354
36.351
36.346
36.345
36.337
36.33
36.324
36.32
36.315
36.304
36.291
36.272
36.247
36.213
36.182
36.164
36.146
36.128
36.106
36.079
36.038
35.993
35.968
35.941
35.923
35.887
35.853
35.811
35.772
35.731
35.691
35.663
35.625
35.595
35.563
35.531
35.505
35.481
35.457
35.433
35.415
35.395
35.377
35.355
35.333
35.314
35.292
35.27
35.253
35.237
35.22
35.201
35.181
35.164
35.148
35.131
35.113
35.099
35.086
35.076
35.068
35.058
35.047
35.034
35.019
35.007
34.996
34.986
34.978
34.97
34.957
34.942
34.928
34.922
34.92
34.917
34.913
34.909
34.906
34.904
34.903
34.9
34.897
34.895
34.891
34.893
34.89
34.891
34.889
34.887
34.884
34.88
34.874
34.869
34.863
34.857
34.851
34.845
34.84
34.835
34.827
34.818
34.809
34.799
34.79
34.784
34.778
34.767
34.76
34.749
34.742
34.731
34.72
34.714
34.707
34.703
34.698
34.69
34.686
34.683
34.679
34.675
34.67
34.663
34.658
34.653
34.645
34.641
34.639
34.636
34.638
34.634
34.632
34.629
34.625
34.624
34.62
34.62
34.619
34.617
34.62
34.619
34.623
34.622
34.621
34.621
34.621
34.62
34.619
34.617
34.616
34.618
34.622
34.623
34.632
34.632
34.635
34.642
34.642
34.642
34.645
34.653
34.654
34.659
34.664
34.666
34.671
34.679
34.683
34.693
34.698
34.702
34.706
34.71
34.713
34.716
34.723
34.723
34.731
34.736
34.742
34.742
34.747
34.753
34.755
34.757
34.761
34.764
34.77
34.775
34.777
34.783
34.785
34.787
34.791
34.791
34.796
34.802
34.798
34.804
34.805
34.808
34.811
34.812
34.815
34.815
34.816
34.822
34.822
34.822
34.823
34.823
34.82
34.825
34.819
34.819
34.817
34.822
34.816
34.819
34.817
34.815
34.818
34.813
34.81
34.813
34.812
34.811
34.81
34.805
34.803
34.801
34.799
34.797
34.797
34.791
34.794
34.789
34.783
34.779
34.777
34.772
34.77
34.761
34.757
34.751
34.745
34.737
34.733
34.726
34.717
34.706
34.699
34.69
34.682
34.67
34.662
34.657
34.647
34.641
34.628
34.613
34.594
34.576
34.547
34.521
34.486
34.453
34.429
34.394
34.366
34.334
34.311
34.285
34.266
34.242
34.224
34.202
34.182
34.158
34.138
34.118
34.104
34.086
34.069
34.054
34.036
34.028
34.015
34.007
33.993
33.979
33.969
33.961
33.949
33.939
33.929
33.923
33.923
33.921
33.921
33.918
33.915
33.919
33.915
33.915
33.906
33.899
33.901
33.902
33.903
33.9
33.899
33.898
33.893
33.882
33.879
33.871
33.863
33.851
33.841
33.828
33.815
33.806
33.796
33.789
33.78
33.773
33.765
33.765
33.763
33.759
33.755
33.759
33.747
33.751
33.752
33.748
33.748
33.749
33.757
33.755
33.76
33.761
33.761
33.763
33.764
33.766
33.768
33.77
33.77
33.773
33.774
33.773
33.772
33.768
33.765
33.761
33.757
33.753
33.748
33.745
33.742
33.739
33.732
33.732
33.731
33.73
33.735
33.738
33.745
33.748
33.755
33.757
33.766
33.773
33.779
33.792
33.792
33.796
33.801
33.809
33.815
33.821
33.826
33.833
33.841
33.844
33.847
33.856
33.86
33.864
33.866
33.864
33.862
33.862
33.865
33.87
33.872
33.875
33.875
33.88
33.881
33.882
33.884
33.885
33.885
33.885
33.884
33.883
33.882
33.881
33.879
33.876
33.869
33.864
33.858
33.854
33.846
33.84
33.832
33.823
33.814
33.805
33.796
33.79
33.784
33.776
33.765
33.76
33.756
33.752
33.747
33.743
33.746
33.734
33.737
33.738
33.738
33.737
33.737
33.734
33.739
33.741
33.743
33.745
33.748
33.751
33.754
33.757
33.759
33.761
33.764
33.767
33.768
33.77
33.771
33.771
33.772
33.773
33.773
33.772
33.774
33.775
33.774
33.774
33.773
33.776
33.775
33.776
33.775
33.773
33.774
33.773
33.774
33.775
33.775
33.775
33.776
33.776
33.777
33.776
33.776
33.776
33.776
33.778
33.779
33.78
33.78
33.782
33.783
33.78
33.785
33.771
33.785
33.788
33.788
33.789
33.79
33.788
33.787
33.78
33.771
33.763
33.753
33.744
33.736
33.727
33.72
33.715
33.708
33.704
33.7
33.697
33.694
33.692
33.692
33.691
33.691
33.691
33.692
33.692
33.692
33.691
33.69
33.688
33.687
33.688
33.689
33.69
33.69
33.691
33.691
33.692
33.692
33.692
33.693
33.694
33.694
33.693
33.691
33.683
33.676
33.667
33.659
33.652
33.644
33.639
33.637
33.635
33.633
33.633
33.631
33.63
33.629
33.629
33.628
33.627
33.626
33.625
33.624
33.624
33.625
33.624
33.624
33.625
33.626
33.627
33.63
33.634
33.638
33.643
33.649
33.656
33.661
33.667
33.673
33.68
33.687
33.694
33.7
33.706
33.713
33.721
33.728
33.735
33.743
33.748
33.755
33.763
33.771
33.779
33.789
33.801
33.81
33.822
33.832
33.843
33.854
33.866
33.879
33.893
33.904
33.917
33.931
33.944
33.956
33.969
33.984
33.999
34.014
34.029
34.044
34.059
34.075
34.09
34.106
34.123
34.14
34.156
34.173
34.188
34.205
34.222
34.238
34.254
34.267
34.282
34.297
34.313
34.328
34.343
34.358
34.373
34.389
34.404
34.418
34.433
34.452
34.465
34.482
34.498
34.514
34.53
34.546
34.563
34.581
34.602
34.62
34.637
34.652
34.666
34.679
34.693
34.709
34.721
34.738
34.751
34.763
34.772
34.783
34.793
34.808
34.823
34.836
34.86
34.871
34.891
34.902
34.917
34.928
34.943
34.952
34.965
34.978
34.991
35.003
35.016
35.028
35.039
35.05
35.063
35.079
35.095
35.113
35.132
35.154
35.176
35.2
35.222
35.239
35.257
35.273
35.286
35.3
35.312
35.327
35.348
35.36
35.374
35.391
35.401
35.411
35.424
35.437
35.45
35.464
35.481
35.497
35.514
35.531
35.552
35.572
35.589
35.607
35.621
35.637
35.651
35.659
35.663
35.66
35.656
35.653
35.655
35.664
35.676
35.7
35.725
35.747
35.77
35.792
35.812
35.833
35.853
35.873
35.889
35.903
35.916
35.927
35.936
35.942
35.943
35.942
35.944
35.95
35.955
35.958
35.965
35.974
35.982
35.989
35.997
36.007
36.021
36.04
36.058
36.075
36.091
36.11
36.125
36.141
36.156
36.168
36.181
36.197
36.213
36.23
36.244
36.262
36.277
36.29
36.303
36.313
36.327
36.338
36.349
36.363
36.378
36.394
36.409
36.425
36.438
36.446
36.451
36.459
36.468
36.48
36.494
36.505
36.516
36.528
36.539
36.554
36.568
36.581
36.595
36.608
36.619
36.631
36.644
36.655
36.668
36.686
36.701
36.72
36.739
36.757
36.772
36.787
36.795
36.804
36.81
36.813
36.813
36.806
36.806
36.808
36.807
36.808
36.814
36.82
36.828
36.839
36.846
36.847
36.843
36.83
36.815
36.807
36.793
36.77
36.773
36.786
36.799
36.808
36.819
36.827
36.833
36.839
36.846
36.858
36.863
36.86
36.857
36.853
36.849
36.846
36.847
36.851
36.856
36.863
36.872
36.882
36.893
36.905
36.915
36.924
36.933
36.937
36.943
36.948
36.951
36.953
36.953
36.954
36.954
36.954
36.951
36.948
36.945
36.942
36.943
36.943
36.943
36.944
36.944
36.946
36.948
36.953
36.956
36.961
36.965
36.966
36.963
36.964
36.966
36.966
36.967
36.969
36.971
36.976
36.981
36.983
36.984
36.987
36.99
36.995
36.999
37.004
37.007
37.012
37.017
37.019
37.022
37.023
37.026
37.031
37.038
37.042
37.05
37.057
37.067
37.08
37.093
37.107
37.12
37.13
37.141
37.155
37.168
37.18
37.197
37.211
37.228
37.244
37.26
37.274
37.29
37.306
37.324
37.342
37.36
37.378
37.397
37.414
37.423
37.435
37.445
37.455
37.465
37.474
37.483
37.492
37.501
37.509
37.518
37.527
37.535
37.544
37.55
37.562
37.573
37.585
37.596
37.607
37.618
37.631
37.642
37.652
37.661
37.67
37.68
37.688
37.695
37.7
37.704
37.706
37.711
37.712
37.713
37.712
37.715
37.718
37.724
37.73
37.739
37.75
37.761
37.768
37.769
37.767
37.764
37.765
37.772
37.773
37.779
37.79
37.802
37.815
37.833
37.85
37.865
37.879
37.887
37.892
37.892
37.895
37.901
37.909
37.919
37.928
37.938
37.95
37.961
37.97
37.978
37.981
37.982
37.983
37.984
37.984
37.988
37.994
38.007
38.023
38.039
38.053
38.062
38.073
38.084
38.095
38.112
38.126
38.137
38.149
38.166
38.184
38.206
38.222
38.236
38.246
38.255
38.265
38.272
38.28
38.288
38.296
38.305
38.313
38.322
38.332
38.34
38.347
38.355
38.363
38.371
38.38
38.386
38.395
38.401
38.407
38.409
38.408
38.402
38.401
38.401
38.409
38.425
38.442
38.456
38.468
38.478
38.488
38.499
38.51
38.521
38.531
38.539
38.548
38.557
38.563
38.569
38.576
38.58
38.585
38.589
38.593
38.596
38.6
38.603
38.605
38.607
38.608
38.609
38.61
38.614
38.619
38.625
38.632
38.638
38.644
38.648
38.651
38.655
38.66
38.662
38.667
38.672
38.677
38.681
38.685
38.69
38.695
38.7
38.705
38.709
38.715
38.721
38.728
38.735
38.743
38.751
38.758
38.764
38.771
38.776
38.783
38.792
38.8
38.802
38.801
38.8
38.799
38.798
38.799
38.799
38.798
38.796
38.788
38.78
38.773
38.775
38.785
38.798
38.81
38.821
38.828
38.834
38.844
38.856
38.868
38.884
38.898
38.91
38.921
38.935
38.946
38.96
38.971
38.983
38.996
39.01
39.026
39.041
39.056
39.069
39.082
39.093
39.102
39.111
39.121
39.133
39.145
39.155
39.164
39.179
39.195
39.209
39.222
39.238
39.252
39.266
39.278
39.289
39.298
39.306
39.313
39.322
39.323
39.324
39.327
39.331
39.338
39.345
39.354
39.36
39.366
39.37
39.374
39.379
39.385
39.391
39.398
39.407
39.414
39.424
39.432
39.44
39.449
39.455
39.462
39.469
39.476
39.483
39.49
39.497
39.503
39.51
39.515
39.523
39.53
39.537
39.544
39.552
39.558
39.564
39.571
39.576
39.581
39.586
39.592
39.597
39.602
39.607
39.613
39.619
39.626
39.635
39.642
39.652
39.66
39.667
39.674
39.681
39.687
39.694
39.699
39.706
39.711
39.718
39.723
39.729
39.736
39.742
39.749
39.756
39.765
39.773
39.784
39.793
39.802
39.826
39.833
39.843
39.852
39.86
39.87
39.879
39.888
39.896
39.903
39.91
39.917
39.923
39.928
39.935
39.94
39.945
39.95
39.958
39.966
39.973
39.978
39.982
39.989
39.996
40.004
40.012
40.024
40.035
40.046
40.058
40.067
40.071
40.071
40.069
40.072
40.078
40.082
40.08
40.081
40.086
40.088
40.08
40.07
40.06
40.059
40.059
40.062
40.07
40.074
40.077
40.08
40.08
40.077
40.071
40.06
40.043
40.018
39.987
39.965
39.951
39.943
39.921
39.888
39.845
39.799
39.763
39.733
39.702
39.69
39.685
39.689
39.691
39.689
39.679
39.663
39.647
39.635
39.627
39.625
39.618
39.616
39.619
39.619
39.621
39.627
39.636
39.647
39.663
39.684
39.703
39.721
39.736
39.75
39.763
39.776
39.791
39.805
39.822
39.835
39.846
39.856
39.865
39.873
39.88
39.885
39.889
39.894
39.901
39.907
39.902
39.886
39.871
39.861
39.851
39.837
39.823
39.81
39.793
39.774
39.754
39.729
39.707
39.684
39.663
39.642
39.625
39.608
39.594
39.586
39.576
39.569
39.558
39.541
39.519
39.5
39.483
39.463
39.448
39.436
39.423
39.411
39.402
39.394
39.384
39.378
39.374
39.373
39.371
39.371
39.374
39.379
39.382
39.389
39.396
39.405
39.413
39.421
39.431
39.438
39.449
39.458
39.47
39.483
39.495
39.508
39.518
39.527
39.536
39.542
39.548
39.557
39.567
39.579
39.591
39.604
39.618
39.632
39.648
39.66
39.67
39.681
39.694
39.706
39.716
39.726
39.738
39.752
39.766
39.779
39.791
39.802
39.812
39.823
39.833
39.846
39.859
39.87
39.881
39.891
39.902
39.912
39.919
39.925
39.93
39.938
39.946
39.954
39.963
39.974
39.977
39.965
39.941
39.912
39.877
39.825
39.769
39.717
39.666
39.623
39.598
39.593
39.598
39.613
39.626
39.634
39.632
39.626
39.619
39.608
39.609
39.612
39.599
39.573
39.546
39.526
39.511
39.499
39.49
39.479
39.465
39.452
39.432
39.414
39.397
39.382
39.364
39.348
39.334
39.324
39.318
39.31
39.303
39.301
39.296
39.288
39.282
39.28
39.279
39.272
39.263
39.257
39.255
39.255
39.255
39.255
39.255
39.257
39.26
39.264
39.27
39.277
39.285
39.292
39.297
39.301
39.306
39.312
39.321
39.329
39.336
39.344
39.35
39.352
39.354
39.358
39.364
39.37
39.381
39.393
39.408
39.424
39.439
39.452
39.466
39.477
39.492
39.507
39.522
39.538
39.552
39.566
39.58
39.589
39.592
39.58
39.566
39.561
39.555
39.554
39.567
39.589
39.61
39.629
39.643
39.644
39.636
39.624
39.612
39.601
39.597
39.596
39.598
39.596
39.586
39.566
39.547
39.532
39.525
39.523
39.521
39.516
39.506
39.499
39.497
39.5
39.499
39.492
39.484
39.474
39.465
39.46
39.46
39.462
39.464
39.466
39.468
39.47
39.472
39.472
39.469
39.464
39.458
39.449
39.44
39.429
39.416
39.404
39.398
39.392
39.386
39.381
39.376
39.371
39.367
39.363
39.36
39.357
39.358
39.364
39.371
39.378
39.385
39.392
39.398
39.403
39.406
39.408
39.41
39.407
39.408
39.408
39.409
39.411
39.415
39.421
39.425
39.431
39.44
39.447
39.458
39.468
39.479
39.487
39.494
39.5
39.506
39.513
39.519
39.527
39.534
39.541
39.548
39.554
39.56
39.569
39.577
39.585
39.594
39.601
39.609
39.616
39.622
39.627
39.633
39.638
39.642
39.647
39.657
39.671
39.687
39.703
39.718
39.737
39.753
39.769
39.784
39.8
39.817
39.829
39.837
39.846
39.849
39.85
39.85
39.858
39.867
39.875
39.886
39.896
39.897
39.893
39.892
39.897
39.906
39.912
39.917
39.919
39.92
39.917
39.912
39.907
39.905
39.904
39.904
39.906
39.91
39.916
39.924
39.931
39.935
39.941
39.948
39.958
39.965
39.974
39.982
39.992
40
40.008
40.016
40.025
40.037
40.05
40.062
40.074
40.087
40.098
40.106
40.111
40.119
40.126
40.133
40.137
40.142
40.147
40.153
40.158
40.16
40.162
40.165
40.171
40.177
40.189
40.197
40.203
40.209
40.216
40.228
40.238
40.25
40.262
40.275
40.289
40.297
40.309
40.323
40.331
40.338
40.349
40.36
40.374
40.39
40.403
40.411
40.42
40.427
40.433
40.441
40.45
40.459
40.469
40.481
40.488
40.496
40.502
40.506
40.511
40.515
40.521
40.53
40.536
40.542
40.546
40.55
40.554
40.559
40.561
40.564
40.57
40.582
40.593
40.601
40.609
40.615
40.62
40.621
40.619
40.615
40.615
40.613
40.62
40.629
40.637
40.645
40.648
40.648
40.646
40.643
40.642
40.641
40.639
40.636
40.635
40.627
40.624
40.617
40.615
40.613
40.611
40.612
40.614
40.614
40.613
40.611
40.606
40.606
40.607
40.606
40.605
40.607
40.607
40.606
40.605
40.601
40.599
40.599
40.596
40.594
40.592
40.588
40.583
40.578
40.574
40.57
40.566
40.564
40.563
40.561
40.558
40.559
40.558
40.556
40.556
40.553
40.549
40.543
40.537
40.533
40.532
40.533
40.536
40.542
40.549
40.556
40.561
40.562
40.563
40.566
40.567
40.568
40.569
40.575
40.582
40.59
40.597
40.603
40.606
40.612
40.619
40.628
40.639
40.649
40.659
40.666
40.672
40.674
40.675
40.673
40.674
40.674
40.673
40.672
40.671
40.669
40.666
40.661
40.658
40.654
40.651
40.649
40.647
40.645
40.642
40.64
40.638
40.637
40.638
40.639
40.639
40.639
40.639
40.635
40.628
40.62
40.611
40.601
40.594
40.588
40.588
40.593
40.6
40.608
40.618
40.628
40.638
40.647
40.654
40.658
40.659
40.658
40.656
40.656
40.656
40.657
40.658
40.656
40.653
40.651
40.648
40.646
40.643
40.639
40.638
40.638
40.642
40.647
40.654
40.659
40.665
40.67
40.674
40.677
40.681
40.683
40.686
40.689
40.695
40.7
40.704
40.708
40.713
40.723
40.757
40.768
40.776
40.781
40.786
40.792
40.802
40.813
40.825
40.836
40.844
40.856
40.867
40.88
40.895
40.908
40.919
40.931
40.939
40.947
40.952
40.956
40.96
40.966
40.972
40.979
40.985
40.995
41.004
41.011
41.018
41.023
41.028
41.032
41.034
41.037
41.041
41.046
41.052
41.056
41.061
41.065
41.068
41.071
41.074
41.078
41.082
41.086
41.089
41.093
41.095
41.097
41.099
41.1
41.099
41.101
41.103
41.105
41.107
41.11
41.113
41.116
41.117
41.117
41.114
41.11
41.103
41.098
41.097
41.093
41.086
41.074
41.061
41.058
41.056
41.056
41.053
41.05
41.04
41.025
41.016
41.009
41.003
41.004
41.006
41.007
41.004
41
40.996
40.995
40.993
40.99
40.985
40.982
40.982
40.985
40.983
40.977
40.968
40.96
40.956
40.956
40.961
40.967
40.973
40.979
40.985
40.991
40.994
40.996
40.995
40.997
41
41.003
41.008
41.009
41.008
41.012
41.013
41.013
41.012
41.009
41.008
41.004
40.997
40.984
40.971
40.96
40.952
40.942
40.933
40.926
40.924
40.925
40.926
40.927
40.928
40.927
40.923
40.921
40.921
40.919
40.915
40.916
40.919
40.923
40.927
40.929
40.932
40.935
40.937
40.94
40.941
40.94
40.938
40.938
40.939
40.94
40.941
40.938
40.933
40.92
40.909
40.902
40.896
40.892
40.891
40.889
40.885
40.884
40.885
40.883
40.88
40.878
40.876
40.876
40.877
40.877
40.872
40.857
40.867
40.873
40.88
40.888
40.901
40.911
40.921
40.932
40.935
40.927
40.916
40.91
40.908
40.905
40.901
40.897
40.891
40.885
40.88
40.877
40.875
40.878
40.884
40.889
40.892
40.894
40.891
40.888
40.89
40.892
40.893
40.893
40.887
40.879
40.871
40.864
40.859
40.86
40.865
40.872
40.878
40.881
40.884
40.885
40.885
40.886
40.888
40.89
40.895
40.897
40.902
40.906
40.912
40.919
40.922
40.927
40.933
40.94
40.945
40.954
40.962
40.971
40.979
40.984
40.99
40.997
41.003
41.012
41.018
41.028
41.036
41.045
41.053
41.063
41.07
41.079
41.085
41.093
41.102
41.11
41.119
41.125
41.132
41.139
41.144
41.15
41.154
41.159
41.163
41.168
41.172
41.176
41.179
41.184
41.187
41.191
41.198
41.205
41.213
41.22
41.229
41.24
41.252
41.263
41.276
41.286
41.296
41.305
41.312
41.319
41.325
41.331
41.335
41.34
41.345
41.349
41.354
41.358
41.363
41.363
41.363
41.365
41.37
41.37
41.376
41.38
41.385
41.39
41.393
41.393
41.394
41.395
41.398
41.402
41.406
41.408
41.409
41.409
41.407
41.406
41.404
41.401
41.4
41.399
41.397
41.395
41.394
41.394
41.396
41.398
41.4
41.402
41.405
41.408
41.409
41.413
41.416
41.419
41.422
41.426
41.43
41.435
41.438
41.442
41.448
41.452
41.457
41.461
41.466
41.47
41.474
41.476
41.48
41.484
41.489
41.492
41.496
41.5
41.506
41.512
41.515
41.518
41.518
41.519
41.518
41.518
41.52
41.519
41.519
41.522
41.526
41.528
41.528
41.527
41.527
41.528
41.531
41.533
41.532
41.532
41.531
41.528
41.524
41.521
41.518
41.515
41.514
41.512
41.511
41.511
41.511
41.512
41.513
41.513
41.515
41.516
41.52
41.521
41.524
41.527
41.53
41.532
41.535
41.538
41.539
41.542
41.547
41.551
41.556
41.56
41.565
41.57
41.574
41.579
41.584
41.586
41.59
41.594
41.597
41.6
41.604
41.609
41.613
41.615
41.616
41.618
41.619
41.62
41.621
41.622
41.624
41.625
41.627
41.628
41.63
41.632
41.634
41.637
41.64
41.645
41.646
41.649
41.653
41.655
41.655
41.657
41.659
41.661
41.664
41.665
41.665
41.665
41.669
41.673
41.677
41.681
41.683
41.686
41.688
41.689
41.692
41.697
41.7
41.703
41.706
41.707
41.708
41.709
41.71
41.711
41.712
41.712
41.714
41.716
41.717
41.72
41.721
41.722
41.725
41.727
41.729
41.732
41.733
41.735
41.737
41.739
41.742
41.744
41.747
41.75
41.751
41.751
41.75
41.752
41.749
41.749
41.749
41.755
41.761
41.769
41.776
41.781
41.785
41.785
41.782
41.78
41.78
41.78
41.78
41.783
41.784
41.781
41.774
41.772
41.768
41.765
41.762
41.76
41.757
41.755
41.753
41.752
41.751
41.751
41.752
41.751
41.752
41.753
41.754
41.756
41.757
41.759
41.762
41.764
41.766
41.768
41.77
41.771
41.773
41.774
41.776
41.775
41.776
41.777
41.778
41.777
41.777
41.776
41.773
41.768
41.766
41.762
41.746
41.729
41.714
41.701
41.69
41.682
41.677
41.675
41.68
41.683
41.69
41.699
41.704
41.707
41.712
41.715
41.718
41.721
41.724
41.726
41.731
41.74
41.746
41.752
41.76
41.766
41.772
41.777
41.779
41.777
41.777
41.782
41.79
41.797
41.805
41.81
41.813
41.818
41.822
41.823
41.822
41.83
41.842
41.852
41.863
41.872
41.879
41.886
41.891
41.896
41.901
41.906
41.91
41.912
41.914
41.916
41.917
41.92
41.921
41.924
41.927
41.93
41.931
41.934
41.938
41.94
41.943
41.946
41.952
41.957
41.962
41.968
41.973
41.978
41.983
41.987
41.99
41.992
41.993
41.994
41.993
41.993
41.993
41.994
41.995
41.995
41.995
41.995
41.995
41.994
41.992
41.988
41.985
41.982
41.979
41.977
41.977
41.974
41.973
41.971
41.97
41.97
41.969
41.968
41.966
41.965
41.963
41.962
41.963
41.963
41.962
41.961
41.959
41.957
41.955
41.952
41.95
41.947
41.944
41.941
41.934
41.926
41.918
41.909
41.901
41.896
41.892
41.891
41.89
41.889
41.888
41.888
41.887
41.886
41.885
41.883
41.883
41.883
41.883
41.883
41.884
41.889
41.894
41.899
41.902
41.904
41.905
41.906
41.909
41.914
41.919
41.925
41.93
41.934
41.938
41.942
41.947
41.95
41.953
41.958
41.961
41.965
41.969
41.973
41.979
41.982
41.984
41.985
41.987
41.987
41.99
41.993
41.995
41.997
41.996
41.993
41.993
41.994
41.995
41.995
41.993
41.991
41.99
41.987
41.985
41.984
41.984
41.984
41.984
41.985
41.985
41.984
41.982
41.979
41.976
41.974
41.971
41.97
41.969
41.967
41.967
41.966
41.965
41.964
41.963
41.963
41.962
41.962
41.962
41.961
41.96
41.959
41.957
41.953
41.952
41.948
41.946
41.943
41.941
41.94
41.938
41.938
41.938
41.938
41.938
41.938
41.936
41.935
41.932
41.93
41.927
41.924
41.922
41.92
41.917
41.916
41.913
41.911
41.908
41.904
41.902
41.899
41.897
41.895
41.893
41.89
41.887
41.886
41.886
41.887
41.886
41.887
41.886
41.887
41.888
41.891
41.892
41.894
41.898
41.901
41.902
41.906
41.908
41.909
41.913
41.917
41.921
41.924
41.927
41.929
41.931
41.934
41.933
41.932
41.933
41.934
41.933
41.932
41.933
41.934
41.933
41.933
41.932
41.933
41.933
41.933
41.932
41.931
41.932
41.935
41.933
41.929
41.93
41.932
41.935
41.936
41.936
41.933
41.931
41.928
41.927
41.924
41.922
41.92
41.921
41.922
41.922
41.923
41.924
41.924
41.92
41.921
41.917
41.91
41.904
41.898
41.895
41.894
41.895
41.897
41.901
41.906
41.911
41.909
41.906
41.903
41.901
41.896
41.89
41.884
41.882
41.886
41.886
41.884
41.884
41.887
41.891
41.895
41.897
41.898
41.899
41.9
41.901
41.899
41.899
41.904
41.911
41.913
41.914
41.909
41.904
41.905
41.905
41.903
41.898
41.896
41.894
41.889
41.882
41.872
41.864
41.862
41.861
41.864
41.871
41.877
41.88
41.882
41.884
41.885
41.885
41.886
41.889
41.893
41.895
41.895
41.894
41.891
41.889
41.885
41.882
41.881
41.882
41.883
41.884
41.882
41.878
41.873
41.869
41.866
41.863
41.86
41.859
41.859
41.858
41.854
41.848
41.841
41.834
41.826
41.818
41.812
41.806
41.799
41.791
41.783
41.776
41.77
41.764
41.755
41.746
41.74
41.734
41.73
41.727
41.723
41.716
41.71
41.703
41.695
41.691
41.689
41.685
41.683
41.683
41.682
41.681
41.681
41.679
41.675
41.672
41.671
41.668
41.665
41.661
41.656
41.654
41.649
41.646
41.643
41.64
41.637
41.631
41.629
41.627
41.625
41.623
41.623
41.623
41.626
41.628
41.631
41.635
41.642
41.646
41.649
41.652
41.657
41.662
41.669
41.674
41.678
41.682
41.686
41.69
41.694
41.701
41.705
41.709
41.712
41.714
41.718
41.722
41.723
41.722
41.721
41.723
41.727
41.727
41.727
41.726
41.727
41.728
41.733
41.738
41.743
41.75
41.754
41.761
41.763
41.765
41.766
41.769
41.771
41.773
41.776
41.778
41.776
41.777
41.774
41.775
41.779
41.785
41.789
41.793
41.796
41.798
41.797
41.793
41.791
41.791
41.794
41.797
41.801
41.804
41.81
41.813
41.817
41.822
41.824
41.828
41.829
41.833
41.829
41.831
41.832
41.833
41.833
41.835
41.838
41.84
41.842
41.843
41.845
41.846
41.848
41.847
41.839
41.826
41.807
41.793
41.785
41.778
41.774
41.772
41.772
41.776
41.775
41.766
41.758
41.748
41.745
41.741
41.737
41.732
41.722
41.71
41.691
41.672
41.651
41.63
41.61
41.592
41.575
41.558
41.535
41.506
41.478
41.455
41.426
41.405
41.385
41.368
41.351
41.334
41.325
41.32
41.317
41.314
41.309
41.295
41.283
41.265
41.267
41.275
41.277
41.284
41.289
41.29
41.295
41.293
41.297
41.297
41.299
41.295
41.294
41.293
41.293
41.293
41.289
41.285
41.28
41.274
41.265
41.261
41.254
41.246
41.241
41.234
41.228
41.222
41.214
41.204
41.191
41.18
41.17
41.162
41.154
41.146
41.14
41.132
41.123
41.114
41.101
41.089
41.076
41.063
41.05
41.04
41.03
41.02
41.012
41.002
40.993
40.984
40.975
40.965
40.951
40.941
40.932
40.922
40.911
40.899
40.886
40.874
40.862
40.848
40.834
40.822
40.811
40.799
40.789
40.778
40.767
40.756
40.745
40.735
40.724
40.711
40.7
40.69
40.676
40.659
40.646
40.634
40.623
40.614
40.608
40.601
40.59
40.577
40.562
40.547
40.534
40.521
40.509
40.495
40.481
40.464
40.448
40.432
40.416
40.399
40.385
40.371
40.359
40.322
40.309
40.299
40.289
40.28
40.269
40.259
40.249
40.237
40.224
40.209
40.192
40.172
40.152
40.133
40.116
40.102
40.088
40.076
40.065
40.05
40.034
40.013
39.991
39.969
39.947
39.925
39.902
39.878
39.851
39.824
39.799
39.772
39.748
39.724
39.699
39.675
39.65
39.626
39.594
39.563
39.529
39.49
39.458
39.436
39.415
39.381
39.352
39.331
39.318
39.307
39.3
39.291
39.284
39.279
39.274
39.272
39.27
39.269
39.266
39.261
39.254
39.246
39.239
39.23
39.221
39.207
39.191
39.177
39.164
39.142
39.113
39.087
39.061
39.033
39.005
38.982
38.96
38.939
38.918
38.888
38.858
38.826
38.794
38.762
38.727
38.691
38.66
38.64
38.63
38.622
38.616
38.611
38.607
38.597
38.585
38.572
38.564
38.554
38.548
38.544
38.538
38.535
38.531
38.527
38.525
38.525
38.525
38.524
38.523
38.521
38.521
38.519
38.518
38.512
38.506
38.501
38.492
38.482
38.476
38.474
38.474
38.474
38.475
38.471
38.465
38.453
38.435
38.423
38.417
38.416
38.421
38.423
38.422
38.419
38.416
38.411
38.404
38.393
38.379
38.365
38.351
38.341
38.331
38.321
38.309
38.29
38.264
38.232
38.198
38.168
38.15
38.145
38.15
38.154
38.153
38.152
38.153
38.151
38.148
38.14
38.134
38.13
38.125
38.117
38.112
38.109
38.107
38.105
38.104
38.103
38.102
38.102
38.101
38.101
38.101
38.098
38.096
38.093
38.091
38.09
38.089
38.087
38.086
38.086
38.083
38.08
38.077
38.073
38.072
38.07
38.068
38.066
38.062
38.058
38.054
38.043
38.033
38.019
38.004
37.988
37.973
37.956
37.939
37.922
37.903
37.887
37.87
37.85
37.828
37.808
37.787
37.766
37.747
37.728
37.716
37.706
37.697
37.686
37.673
37.657
37.642
37.631
37.623
37.615
37.607
37.6
37.598
37.596
37.596
37.594
37.595
37.595
37.595
37.591
37.586
37.579
37.573
37.569
37.564
37.559
37.554
37.549
37.544
37.539
37.535
37.531
37.528
37.525
37.523
37.521
37.517
37.512
37.507
37.501
37.497
37.491
37.485
37.478
37.471
37.465
37.456
37.446
37.439
37.429
37.421
37.414
37.408
37.403
37.399
37.396
37.393
37.391
37.389
37.386
37.387
37.385
37.384
37.384
37.384
37.384
37.384
37.385
37.386
37.387
37.386
37.385
37.385
37.382
37.381
37.379
37.377
37.376
37.375
37.373
37.37
37.367
37.364
37.359
37.354
37.348
37.34
37.335
37.327
37.319
37.313
37.306
37.299
37.291
37.284
37.276
37.268
37.261
37.252
37.245
37.236
37.227
37.219
37.211
37.202
37.193
37.183
37.171
37.161
37.151
37.141
37.129
37.119
37.108
37.101
37.093
37.087
37.08
37.074
37.067
37.06
37.05
37.042
37.034
37.024
37.017
37.009
37.001
36.993
36.986
36.977
36.947
36.935
36.925
36.914
36.906
36.896
36.888
36.877
36.867
36.858
36.848
36.838
36.828
36.818
36.807
36.796
36.784
36.772
36.759
36.742
36.727
36.711
36.698
36.691
36.685
36.682
36.676
36.673
36.67
36.661
36.63
36.594
36.547
36.496
36.438
36.4
36.38
36.375
36.361
36.334
36.306
36.283
36.26
36.246
36.236
36.237
36.233
36.224
36.21
36.202
36.201
36.2
36.193
36.193
36.201
36.194
36.181
36.171
36.165
36.159
36.157
36.158
36.158
36.159
36.165
36.172
36.189
36.211
36.23
36.252
36.273
36.296
36.322
36.348
36.379
36.409
36.439
36.465
36.488
36.509
36.53
36.549
36.566
36.585
36.611
36.639
36.668
36.699
36.728
36.757
36.786
36.815
36.845
36.875
36.907
36.939
36.974
37.013
37.056
37.103
37.148
37.196
37.244
37.295
37.345
37.393
37.438
37.48
37.525
37.572
37.619
37.665
37.712
37.757
37.804
37.848
37.891
37.929
37.968
38.015
38.067
38.117
38.166
38.216
38.265
38.311
38.357
38.4
38.44
38.481
38.526
38.572
38.621
38.672
38.724
38.777
38.828
38.878
38.927
38.982
39.034
39.084
39.133
39.178
39.222
39.264
39.312
39.363
39.417
39.46
39.549
39.615
39.627
39.599
39.571
39.545
39.518
39.491
39.471
39.454
39.442
39.439
39.438
39.448
39.459
39.461
39.466
39.481
39.499
39.521
39.544
39.571
39.597
39.625
39.654
39.683
39.712
39.74
39.768
39.795
39.817
39.84
39.864
39.876
39.883
39.882
39.886
39.892
39.887
39.891
39.903
39.925
39.94
39.961
39.987
40.02
40.059
40.101
40.133
40.157
40.185
40.226
40.281
40.336
40.381
40.419
40.453
40.483
40.511
40.537
40.565
40.597
40.631
40.668
40.705
40.737
40.767
40.794
40.829
40.86
40.885
40.938
40.962
40.982
41.002
41.021
41.038
41.054
41.077
41.097
41.116
41.137
41.162
41.187
41.217
41.247
41.285
41.329
41.36
41.387
41.412
41.446
41.469
41.502
41.532
41.553
41.576
41.596
41.618
41.638
41.661
41.683
41.706
41.73
41.754
41.779
41.805
41.836
41.867
41.902
41.939
41.976
42.013
42.044
42.077
42.111
42.138
42.165
42.194
42.224
42.253
42.282
42.313
42.343
42.373
42.406
42.438
42.471
42.504
42.544
42.577
42.601
42.626
42.651
42.681
42.712
42.747
42.783
42.825
42.869
42.913
42.958
43.001
43.043
43.085
43.14
43.197
43.237
43.292
43.338
43.378
43.416
43.456
43.492
43.528
43.567
43.607
43.652
43.696
43.737
43.777
43.817
43.853
43.887
43.925
43.967
44.011
44.053
44.096
44.135
44.176
44.215
44.257
44.298
44.338
44.4
44.435
44.471
44.52
44.555
44.589
44.623
44.659
44.694
44.725
44.754
44.783
44.813
44.84
44.869
44.898
44.928
44.952
44.978
45.002
45.026
45.054
45.084
45.112
45.142
45.169
45.191
45.21
45.229
45.249
45.267
45.286
45.305
45.321
45.334
45.348
45.363
45.379
45.397
45.416
45.438
45.458
45.479
45.5
45.518
45.537
45.555
45.571
45.585
45.596
45.606
45.618
45.635
45.655
45.673
45.69
45.707
45.725
45.739
45.753
45.767
45.778
45.793
45.804
45.816
45.826
45.836
45.848
45.857
45.87
45.888
45.905
45.922
45.94
45.955
45.972
45.989
46.008
46.026
46.041
46.058
46.073
46.088
46.103
46.116
46.129
46.143
46.152
46.162
46.174
46.184
46.193
46.202
46.215
46.227
46.24
46.254
46.273
46.292
46.308
46.324
46.336
46.349
46.364
46.375
46.39
46.406
46.421
46.436
46.451
46.465
46.478
46.492
46.505
46.518
46.531
46.545
46.56
46.577
46.594
46.614
46.634
46.659
46.685
46.713
46.74
46.767
46.791
46.815
46.839
46.864
46.896
46.926
46.957
46.988
47.014
47.037
47.062
47.088
47.114
47.141
47.178
47.209
47.238
47.267
47.293
47.319
47.354
47.38
47.406
47.423
47.446
47.467
47.488
47.513
47.538
47.566
47.592
47.619
47.644
47.667
47.692
47.717
47.741
47.765
47.783
47.804
47.822
47.839
47.851
47.869
47.881
47.896
47.912
47.929
47.949
47.967
47.984
48.004
48.022
48.038
48.058
48.078
48.096
48.119
48.134
48.153
48.171
48.191
48.207
48.224
48.244
48.262
48.282
48.299
48.319
48.341
48.356
48.376
48.392
48.406
48.421
48.436
48.455
48.472
48.491
48.515
48.531
48.548
48.563
48.577
48.594
48.608
48.627
48.645
48.666
48.686
48.706
48.724
48.742
48.76
48.776
48.793
48.807
48.822
48.836
48.848
48.86
48.872
48.883
48.892
48.9
48.907
48.909
48.911
48.912
48.918
48.928
48.94
48.956
48.969
48.982
48.993
49.001
49.011
49.022
49.034
49.049
49.064
49.079
49.096
49.113
49.129
49.149
49.17
49.188
49.206
49.226
49.247
49.267
49.289
49.311
49.333
49.354
49.375
49.396
49.422
49.448
49.474
49.495
49.526
49.545
49.565
49.585
49.604
49.623
49.643
49.663
49.683
49.702
49.72
49.739
49.755
49.772
49.787
49.802
49.817
49.829
49.844
49.855
49.868
49.879
49.89
49.902
49.912
49.924
49.933
49.942
49.951
49.964
49.971
49.981
49.99
49.998
50.004
50.011
50.018
50.025
50.031
50.036
50.047
50.054
50.063
50.073
50.078
50.083
50.083
50.087
50.089
50.082
50.083
50.078
50.076
50.077
50.081
50.081
50.08
50.079
50.079
50.084
50.09
50.098
50.107
50.123
50.14
50.16
50.175
50.187
50.199
50.217
50.226
50.234
50.244
50.255
50.268
50.283
50.295
50.312
50.328
50.345
50.359
50.373
50.389
50.403
50.421
50.436
50.451
50.463
50.475
50.488
50.503
50.52
50.545
50.561
50.575
50.589
50.603
50.618
50.634
50.651
50.671
50.688
50.702
50.715
50.734
50.749
50.765
50.78
50.795
50.81
50.822
50.836
50.849
50.863
50.877
50.892
50.907
50.922
50.94
50.958
50.976
50.992
51.008
51.02
51.029
51.038
51.049
51.057
51.064
51.073
51.081
51.091
51.1
51.11
51.119
51.13
51.14
51.15
51.161
51.17
51.179
51.188
51.196
51.205
51.214
51.223
51.231
51.242
51.252
51.265
51.275
51.289
51.299
51.309
51.32
51.33
51.339
51.349
51.359
51.37
51.38
51.39
51.397
51.403
51.408
51.418
51.428
51.442
51.455
51.466
51.479
51.49
51.502
51.514
51.524
51.534
51.54
51.548
51.559
51.564
51.56
51.554
51.544
51.533
51.521
51.511
51.497
51.483
51.472
51.463
51.455
51.454
51.455
51.456
51.453
51.448
51.442
51.432
51.423
51.413
51.402
51.394
51.385
51.379
51.376
51.374
51.37
51.368
51.366
51.363
51.364
51.363
51.362
51.36
51.359
51.359
51.359
51.361
51.365
51.368
51.374
51.38
51.388
51.397
51.406
51.418
51.43
51.444
51.454
51.467
51.478
51.494
51.506
51.522
51.535
51.55
51.563
51.578
51.59
51.604
51.616
51.628
51.64
51.651
51.663
51.671
51.678
51.681
51.685
51.686
51.69
51.695
51.703
51.71
51.714
51.721
51.725
51.728
51.731
51.733
51.733
51.732
51.733
51.734
51.736
51.737
51.74
51.743
51.749
51.754
51.758
51.764
51.772
51.782
51.793
51.805
51.816
51.827
51.837
51.847
51.856
51.865
51.874
51.883
51.89
51.896
51.904
51.909
51.912
51.918
51.925
51.93
51.937
51.945
51.954
51.963
51.974
51.986
52
52.012
52.027
52.04
52.054
52.065
52.078
52.088
52.103
52.113
52.123
52.131
52.142
52.152
52.161
52.171
52.181
52.19
52.203
52.213
52.235
52.249
52.261
52.284
52.297
52.31
52.322
52.335
52.362
52.375
52.388
52.398
52.41
52.418
52.427
52.439
52.449
52.462
52.472
52.48
52.49
52.495
52.503
52.51
52.516
52.525
52.532
52.539
52.546
52.553
52.562
52.568
52.578
52.588
52.596
52.606
52.618
52.627
52.635
52.644
52.652
52.662
52.67
52.68
52.69
52.698
52.707
52.717
52.726
52.736
52.747
52.759
52.768
52.777
52.787
52.794
52.801
52.81
52.822
52.826
52.835
52.844
52.851
52.858
52.866
52.873
52.88
52.889
52.902
52.914
52.934
52.946
52.956
52.964
52.971
52.981
52.988
52.996
53.005
53.014
53.025
53.036
53.047
53.058
53.07
53.081
53.091
53.1
53.109
53.115
53.123
53.13
53.137
53.145
53.154
53.16
53.163
53.163
53.165
53.167
53.168
53.169
53.166
53.161
53.158
53.167
53.18
53.186
53.187
53.185
53.187
53.176
53.163
53.147
53.133
53.12
53.111
53.102
53.09
53.076
53.063
53.052
53.043
53.034
53.027
53.018
53.007
52.995
52.977
52.969
52.963
52.963
52.973
52.99
53.006
53.022
53.041
53.058
53.078
53.096
53.118
53.135
53.15
53.164
53.178
53.193
53.209
53.222
53.235
53.245
53.254
53.261
53.261
53.256
53.248
53.241
53.237
53.239
53.241
53.246
53.252
53.265
53.278
53.292
53.303
53.312
53.323
53.335
53.35
53.368
53.388
53.406
53.426
53.445
53.465
53.48
53.492
53.503
53.513
53.524
53.53
53.538
53.545
53.551
53.556
53.56
53.562
53.563
53.562
53.56
53.558
53.556
53.554
53.554
53.552
53.553
53.549
53.546
53.544
53.541
53.535
53.525
53.513
53.503
53.495
53.487
53.48
53.474
53.47
53.466
53.463
53.463
53.464
53.465
53.465
53.463
53.456
53.448
53.436
53.423
53.413
53.4
53.39
53.383
53.38
53.382
53.386
53.387
53.392
53.396
53.402
53.41
53.417
53.422
53.43
53.435
53.441
53.447
53.451
53.456
53.461
53.467
53.473
53.482
53.491
53.499
53.509
53.519
53.531
53.544
53.557
53.571
53.582
53.591
53.601
53.612
53.622
53.629
53.636
53.644
53.653
53.662
53.67
53.677
53.685
53.694
53.707
53.716
53.723
53.732
53.742
53.752
53.763
53.774
53.783
53.792
53.802
53.812
53.823
53.84
53.853
53.863
53.872
53.879
53.887
53.892
53.896
53.902
53.906
53.91
53.912
53.916
53.919
53.921
53.922
53.921
53.919
53.919
53.919
53.917
53.917
53.922
53.93
53.942
53.966
53.986
53.994
54.002
54.007
54.009
54.013
54.017
54.021
54.024
54.028
54.032
54.036
54.046
54.053
54.06
54.068
54.08
54.102
54.11
54.115
54.121
54.124
54.125
54.13
54.13
54.135
54.143
54.153
54.16
54.164
54.172
54.179
54.186
54.191
54.198
54.205
54.211
54.219
54.225
54.229
54.233
54.235
54.241
54.244
54.248
54.252
54.254
54.253
54.271
54.271
54.27
54.266
54.259
54.254
54.253
54.255
54.259
54.26
54.256
54.242
54.212
54.166
54.126
54.099
54.066
54.004
53.958
53.882
53.663
53.612
53.568
53.522
53.478
53.431
53.39
53.354
53.318
53.289
53.259
53.223
53.183
53.141
53.109
53.086
53.08
53.09
53.094
53.089
53.078
53.051
53.014
52.886